atoll_official_name,% below poverty line,% of poor persons nationally,Combined rate of unemployment and potential labour force (%),Employment-to-population ratio (%),Inactivity rate (%),Labour force participation rate (%),NEET rate (15-24 years) (%),NEET rate (18-35 years) (%),Unemployment rate (%),Adolescent Population (International) (10-19 yrs),Child Population (0-17 yrs),Elderly Population (65+ yrs),Median Age,Population,Sex Ratio (males per 100 female),Working Age Population (15-64 yrs),Youth Population (National) (18-35 yrs),Economic and Financial Abuse per 100k,Emotional Abuse per 100k,Intimidating per 100k,Investigated Cases per 100k,Physical Abuse per 100k,Reported Crimes per 100k,Sexual Abuse per 100k,Sexual Harrasment per 100k,Stalking per 100k
Thiladhunmathee Uthuruburi,12.5,9.3,14.645214145439997,60.676379301157816,37.04145219673647,62.95854780326344,23.762557332198952,5.823625032418598,3.707262759574743,4628,9986,1924,1391.5,29934,1323.8510140496242,16115,6522,0,6.6813656711431815,0,30.066145520144318,40.08819402685909,146.99004476515,43.42887686243068,0,0
Thiladhunmathee Dhekunuburi,12.9,13.7,15.865068452821996,60.52918448137662,36.83216372481564,63.167836275184264,24.287601593774585,7.220000388033238,4.288076207649903,7717,15463,2604,1247.5,45285,1159.102568124661,24488,10347,2.2082367229767033,99.37065253395164,6.624710168930109,88.32946891906812,66.24710168930109,251.73898641934417,39.74826101358066,0,0
Miladhunmadulu Uthuruburi,5.6,4.2,16.7042864598403,60.3630872721349,36.89742905338107,63.10257094661887,22.671323478527114,6.568888201665414,4.420251559794207,4834,9748,1596,1342,28352,1284.8283649394784,15539,6383,0,14.108352144469524,0,21.16252821670429,14.108352144469524,98.75846501128669,35.270880361173816,0,0
Miladhunmadulu Dhekunuburi,NA,NA,14.054116835930593,65.43811950990786,32.06963536680916,67.93036463319075,21.164458594772213,5.539175237140386,3.7650034310302765,4286,8287,1405,1241.5,29140,1250.3829102678026,14913,6417,0,0,0,34.317089910775564,17.158544955387782,164.7220315717227,27.45367192862045,0,0
Maalhosmadulu Uthuruburi,18.9,15.4,15.684921534048675,62.5123328540551,34.82426413658727,65.17573586341264,24.07694859716728,6.70394706503195,4.175189551274229,5764,11871,2033,1451,40834,1523.2805836313835,21153,9337,0,19.591516873193907,2.4489396091492384,39.183033746387814,31.8362149189401,146.9363765489543,34.285154528089336,2.4489396091492384,0
Maalhosmadulu Dhekunuburi,1.7,0.9,12.96669260353297,69.83621466193547,27.20765843860405,72.79234156139586,21.067987682004542,5.624086897624854,4.179403653925558,3525,6719,1224,1258.5,27799,1372.0766662021192,12975,5254,7.194503399402856,111.51480269074428,0,50.36152379581999,32.37526529731286,219.4323536817871,28.778013597611423,0,0
Faadhippolhu,2.1,0.8,17.436387034564714,60.5614389679405,36.58091955798236,63.41908044201756,24.433968332065678,6.326189787418932,4.63564412427827,2716,5505,959,433.5,22264,459.23640176395463,11379,4784,0,13.474667624865253,4.491555874955084,49.40711462450592,35.932446999640675,170.6791232482932,67.37333812432627,0,0
Malé Atholhu,8.8,4.9,10.438069122049928,71.38206569756987,26.081044596856366,73.91895540314354,19.10563699748488,5.00985650810455,3.6403530165704256,4422,8406,1151,885.5,60996,1374.186634358911,25200,13095,0,14.755065905961047,4.918355301987015,29.510131811922093,21.312872975277067,170.50298380221653,29.510131811922093,0,0
Greater Male Region,0.9,7.8,8.001281136717669,73.03818170260227,24.30926774579435,75.69073225420566,13.443996776792911,3.5953361563895814,3.504458832152455,27160,45252,6699,61,211908,98.1237322515213,115752,54174.79862285953,1.8876116050361476,56.1564452498254,16.51660154406629,428.9597372444645,107.12195858580138,876.7955905392905,52.3812220397531,0.9438058025180738,0.9438058025180738
Ari Atholhu Uthuruburi,14.2,4.6,9.236134423278493,71.98841416387948,25.855463819805177,74.14453618019473,20.6702408388783,5.487127947152891,2.8965823205721577,2657,5189,673,548,18965,950.5556106299575,9262,4033,5.272871078302136,15.818613234906408,0,58.001581861323494,52.72871078302136,205.6419720537833,42.182968626417086,0,0
Ari Atholhu Dhekunuburi,3.1,1.3,11.305650443626766,72.56686570358174,25.520721910768845,74.47927808923106,22.69600963130942,4.857701075271937,2.5491241712954653,3060,6311,1021,677,26361,1116.6678922517758,12123,5395,0,7.586965593111036,0,68.28269033799931,18.967413982777586,242.78289897955315,26.55437957588862,0,0
Felidhe Atholhu,2.8,0.2,7.7786942657972835,79.89467292175826,18.109716543734592,81.89028345626531,13.088807757070375,2.5577120317445208,2.499585767095637,380,898,221,595.5,4732,874.8783318755112,1986,767,0,0,0,63.39814032121725,0,84.53085376162299,84.53085376162299,0,0
Meemu (M),NA,NA,10.567898275265446,72.05734759610233,26.648889071651833,73.35111092834806,13.994109736208262,2.861242718579999,1.7723962548424377,1567,3202,705,853,11576,942.9033243469186,6129,2195,0,8.638562543192812,0,60.46993780234969,8.638562543192812,138.217000691085,34.55425017277125,0,0
Nilandhe Atholhu Uthuruburi,7.1,1.7,15.210539575992362,64.28175453943317,33.429367651668734,66.57063234833117,21.372832669648417,6.06623015689143,3.5046902396415733,1779,3741,448,333,9992,556.9567376249081,5234,2093,0,30.024019215372295,0,60.04803843074459,110.0880704563651,160.12810248198556,10.008006405124098,0,0
Nilandhe Atholhu Dhekunuburi,2.7,1,11.903239385813418,70.77824220944593,26.57458740495177,73.42541259504813,18.98175287028029,5.342145576628767,3.659052161022927,2185,4168,604,620.5,16314,686.7433842012387,7987,3371,0,6.129704548240775,0,67.42675003064852,6.129704548240775,343.2634547014834,6.129704548240775,0,0
Kolhumadulu Atholhu,14.4,7.9,12.7587048308106,66.99701001027776,30.425088960638536,69.57491103936137,22.919484350623915,5.914339794699889,3.725097426629261,3302,6756,1188,1300.5,20797,1337.129348112362,11319,4292,0,14.425157474635766,0,24.04192912439294,33.65870077415012,100.97610232245036,48.08385824878588,0,0
Hadhdhummathi Atholhu,7.8,4.9,18.188752479859602,61.818324109981276,34.28267269391976,65.71732730608014,27.8505785956506,8.420453043610491,5.880873479619119,4452,9128,1557,1062.5,29492,1136.4117735134123,15798,6418,0,13.56300013563,0,47.470500474705005,57.64275057642751,145.8022514580225,61.033500610335004,0,0
Huvadhu Atholhu Uthuruburi,9.6,4.4,13.001211654421747,64.38571975701589,32.70266329811528,67.29733670188462,27.48367718699835,7.294680311659378,4.300220182455898,2763,5501,1316,911.5,20780,1038.304984417255,10411,4478,0,33.686236766121276,4.8123195380173245,62.56015399422522,62.56015399422522,230.99133782483156,62.56015399422522,0,0
Huvadhu Atholhu Dhekunuburi,15.6,11.2,17.50670494594152,58.690416259995914,38.56854532644334,61.43145467355657,27.83418053423734,8.30709180159205,4.606177232265933,4313,8093,1970,914.5,26188,1000.4013285483454,13772,5580,0,30.54834275240568,7.63708568810142,53.45959981670995,61.09668550481136,206.20131357873836,42.003971284557814,0,0
Fuvahmulah,NA,NA,12.5269512721,59.6617647058823,37.1911764705882,62.8088235294117,22.5998300764655,7.76272427682167,5.01053617419808,2886,5522,1396,154,18354,177.152396851896,9702,3856,0,59.93243979514003,0,136.21009044350006,43.58722894192002,392.2850604772802,16.345210853220006,0,5.448403617740002
Addu Atholhu,5.7,5.9,16.730039982644772,57.50665005842311,37.88845622755666,62.11154377244326,23.62891983668097,7.484751061847579,7.423943090664547,7330,13167,3660,652,51980,646.7758857690019,27090,10267,1.923816852635629,76.95267410542517,5.7714505579068875,40.40015390534821,71.18122354751829,257.7914582531743,57.71450557906888,0,0
